10
20
37 37 37 37 37 37 37 37 37 37 37 37 37 37 37 37 37 37 37 37
20
37 37 37 37 37 37 37 37 37 37 37 37 37 37 37 37 37 37 37 37
20
37 37 37 37 37 37 37 37 37 37 37 37 37 37 37 37 37 37 37 37
19
37 37 37 37 37 37 37 37 37 37 37 37 37 37 37 37 37 37 37 
20
37 37 37 37 37 37 37 37 37 37 37 37 37 37 37 37 37 37 37 37
20
37 37 37 37 37 37 37 37 37 37 37 37 37 37 37 37 37 37 37 37
20
37 37 37 37 37 37 37 37 37 37 37 37 37 37 37 37 37 37 37 37
20
37 37 37 37 37 37 37 37 37 37 37 37 37 37 37 37 37 37 37 37
20
37 37 37 37 37 37 37 37 37 37 37 37 37 37 37 37 37 37 37 37
20
37 37 37 37 37 37 37 37 37 37 37 37 37 37 37 37 37 37 37 37

